kinematics:
  shoulder:
    x: 0
    y: 0
    z: 0.16258857110691449
    roll: -0
    pitch: 0
    yaw: 6.2202988836135287e-09
  upper_arm:
    x: 0.00016968023355102519
    y: 0
    z: 0
    roll: 1.5702886109965024
    pitch: 0
    yaw: 1.146128320495668e-06
  forearm:
    x: -0.42543364626146907
    y: 0
    z: 0
    roll: 0.00039002121700304737
    pitch: 0.0013232927429558659
    yaw: -6.4973346552343169e-06
  wrist_1:
    x: -0.39214414658953117
    y: -0.00034335921532813543
    z: 0.13404844468461266
    roll: 0.0025614505651724139
    pitch: 0.0012795261441161177
    yaw: -5.6920428273800526e-07
  wrist_2:
    x: -0.00012484961034232503
    y: -0.099691842239821221
    z: 7.0468204319408821e-05
    roll: 1.5700894666245993
    pitch: 0
    yaw: -3.4731479202701476e-07
  wrist_3:
    x: 6.2877036625577169e-06
    y: 0.09939660157733933
    z: 6.9770122395253036e-05
    roll: 1.5714982633785335
    pitch: 3.1415926535897931
    yaw: -3.1415926295137324
  hash: calib_8648358672665676725